[gd_scene load_steps=6 format=1]

[ext_resource path="res://scripts/camera_control.gd" type="Script" id=1]
[ext_resource path="res://scripts/fps_display.gd" type="Script" id=2]
[ext_resource path="res://models/ground.scn" type="PackedScene" id=3]
[ext_resource path="res://models/grass.scn" type="PackedScene" id=4]

[sub_resource type="Environment" id=1]

ambient_light/enabled = true
ambient_light/color = Color( 1, 1, 1, 1 )
ambient_light/energy = 0.6
fxaa/enabled = false
background/mode = 1
background/color = Color( 0, 0, 0, 1 )
background/energy = 1.0
background/scale = 1.0
background/glow = 0.0
background/canvas_max_layer = null
glow/enabled = false
glow/blur_passes = 1
glow/blur_scale = 1
glow/blur_strength = 1
glow/blur_blend_mode = null
glow/bloom = 0.0
glow/bloom_treshold = 0.5
dof_blur/enabled = false
dof_blur/blur_passes = 1
dof_blur/begin = 100.0
dof_blur/range = 10.0
hdr/enabled = false
hdr/tonemapper = 0
hdr/exposure = 0.4
hdr/white = 1.0
hdr/glow_treshold = 0.95
hdr/glow_scale = 0.2
hdr/min_luminance = 0.4
hdr/max_luminance = 8.0
hdr/exposure_adj_speed = 0.5
fog/enabled = false
fog/begin = 100.0
fog/begin_color = Color( 0, 0, 0, 1 )
fog/end_color = Color( 0, 0, 0, 1 )
fog/attenuation = 1.0
fog/bg = true
bcs/enabled = false
bcs/brightness = 1.0
bcs/contrast = 1.0
bcs/saturation = 1.0
srgb/enabled = false

[node name="Node" type="Node"]

[node name="WorldEnvironment" type="WorldEnvironment" parent="."]

_import_transform = Transform( 1, 0, 0, 0, 1, 0, 0, 0, 1, 0, 0, 0 )
environment = SubResource( 1 )

[node name="DirectionalLight" type="DirectionalLight" parent="."]

_import_transform = Transform( 1, 0, 0, 0, 1, 0, 0, 0, 1, 0, 0, 0 )
transform/local = Transform( -0.00158594, 0.463911, -0.88588, -0.00302831, 0.885875, 0.463914, 0.999994, 0.00341846, -7.55811e-08, 0, 7.72922, 0 )
layers = 1
params/enabled = true
params/editor_only = false
params/bake_mode = 0
params/energy = 1.0
colors/diffuse = Color( 1, 1, 1, 1 )
colors/specular = Color( 1, 1, 1, 1 )
shadow/shadow = false
shadow/darkening = 0.0
shadow/z_offset = 0.05
shadow/z_slope_scale = 0.0
shadow/esm_multiplier = 60.0
shadow/blur_passes = 1.0
projector = null
operator = 0
shadow/mode = 0
shadow/max_distance = 0.0
shadow/split_weight = 0.5
shadow/zoffset_scale = 2.0

[node name="Camera" type="Camera" parent="."]

_import_transform = Transform( 1, 0, 0, 0, 1, 0, 0, 0, 1, 0, 0, 0 )
transform/local = Transform( 0.689373, 0.201915, -0.695697, 0.000581127, 0.960214, 0.279263, 0.724405, -0.192921, 0.661829, -2.75068, 0.935669, 2.71525 )
projection = 0
fov = 60.0
near = 0.1
far = 100.0
keep_aspect = 1
current = false
visible_layers = 1048575
environment = null
h_offset = 0.0
v_offset = 0.0
script/script = ExtResource( 1 )

[node name="fps_display" type="Node2D" parent="."]

script/script = ExtResource( 2 )

[node name="ground" parent="." instance=ExtResource( 3 )]

[node name="grass" parent="." instance=ExtResource( 4 )]

[node name="grass1" parent="." instance=ExtResource( 4 )]

transform/local = Transform( -0.181397, 0, -0.98341, 0, 1, 0, 0.98341, 0, -0.181397, 0.290328, 0, 0 )

[node name="grass2" parent="." instance=ExtResource( 4 )]

transform/local = Transform( -0.181397, 0, -0.98341, 0, 1, 0, 0.98341, 0, -0.181397, 0.168673, 0, 0.260222 )

[node name="grass3" parent="." instance=ExtResource( 4 )]

transform/local = Transform( -0.642635, 0, -0.766173, 0, 1, 0, 0.766173, 0, -0.642635, -0.132866, 0, 0.1717 )

[node name="grass4" parent="." instance=ExtResource( 4 )]

transform/local = Transform( -0.0479113, 0, -0.998852, 0, 1, 0, 0.998852, 0, -0.0479113, -0.217864, 0, -0.0570783 )

[node name="grass5" parent="." instance=ExtResource( 4 )]

transform/local = Transform( -0.871136, 0, -0.491042, 0, 1, 0, 0.491042, 0, -0.871136, -0.486939, 0, -0.0570783 )

[node name="grass6" parent="." instance=ExtResource( 4 )]

transform/local = Transform( 0.212839, 0, -0.977087, 0, 1, 0, 0.977087, 0, 0.212839, -0.371252, 0, 0.274759 )

[node name="grass7" parent="." instance=ExtResource( 4 )]

transform/local = Transform( 0.212839, 0, -0.977087, 0, 1, 0, 0.977087, 0, 0.212839, -0.687875, 0, 0.129566 )

[node name="grass8" parent="." instance=ExtResource( 4 )]

transform/local = Transform( 0.637238, 0, -0.770667, 0, 1, 0, 0.770667, 0, 0.637238, -0.687875, 0, -0.222034 )

[node name="grass9" parent="." instance=ExtResource( 4 )]

transform/local = Transform( 0.637238, 0, -0.770667, 0, 1, 0, 0.770667, 0, 0.637238, -0.687875, 0, -1.23933 )

[node name="grass10" parent="." instance=ExtResource( 4 )]

transform/local = Transform( 0.637238, 0, -0.770667, 0, 1, 0, 0.770667, 0, 0.637238, -1.31473, 0, -1.24576 )

[node name="grass11" parent="." instance=ExtResource( 4 )]

transform/local = Transform( -0.739578, 0, -0.673071, 0, 1, 0, 0.673071, 0, -0.739578, -1.03528, 0, -1.31771 )

[node name="grass12" parent="." instance=ExtResource( 4 )]

transform/local = Transform( 0.637238, 0, -0.770667, 0, 1, 0, 0.770667, 0, 0.637238, -0.351074, 0, -1.23933 )

[node name="grass13" parent="." instance=ExtResource( 4 )]

transform/local = Transform( 0.637238, 0, -0.770667, 0, 1, 0, 0.770667, 0, 0.637238, 0.0122103, 0, -1.23933 )

[node name="grass14" parent="." instance=ExtResource( 4 )]

transform/local = Transform( 0.982872, 0, -0.184291, 0, 1, 0, 0.184291, 0, 0.982872, 0.342037, 0, -1.23933 )

[node name="grass15" parent="." instance=ExtResource( 4 )]

transform/local = Transform( 0.637238, 0, -0.770667, 0, 1, 0, 0.770667, 0, 0.637238, 0.685687, 0, -1.23933 )

[node name="grass16" parent="." instance=ExtResource( 4 )]

transform/local = Transform( 0.637238, 0, -0.770667, 0, 1, 0, 0.770667, 0, 0.637238, 1.24416, 0, -1.23933 )

[node name="grass17" parent="." instance=ExtResource( 4 )]

transform/local = Transform( 0.716795, 0, 0.697284, 0, 1, 0, -0.697284, 0, 0.716795, 0.980676, 0, -1.23933 )

[node name="grass18" parent="." instance=ExtResource( 4 )]

transform/local = Transform( 0.245591, 0, 0.969373, 0, 1, 0, -0.969373, 0, 0.245591, 0.980676, 0, -0.895285 )

[node name="grass19" parent="." instance=ExtResource( 4 )]

transform/local = Transform( -0.642094, 0, 0.766626, 0, 1, 0, -0.766626, 0, -0.642094, 0.980676, 0, -0.533542 )

[node name="grass20" parent="." instance=ExtResource( 4 )]

transform/local = Transform( -0.642094, 0, 0.766626, 0, 1, 0, -0.766626, 0, -0.642094, 0.980676, 0, -0.0762949 )

[node name="grass21" parent="." instance=ExtResource( 4 )]

transform/local = Transform( -0.963139, 0, 0.269005, 0, 1, 0, -0.269005, 0, -0.963139, 1.25128, 0, -0.0762949 )

[node name="grass22" parent="." instance=ExtResource( 4 )]

transform/local = Transform( -0.920559, 0, -0.390603, 0, 1, 0, 0.390603, 0, -0.920559, 1.21578, 0, -0.810583 )

[node name="grass23" parent="." instance=ExtResource( 4 )]

transform/local = Transform( 0.999999, 0, -0.00131252, 0, 1, 0, 0.00131252, 0, 0.999999, 1.21578, 0, -0.45419 )

[node name="grass24" parent="." instance=ExtResource( 4 )]

transform/local = Transform( 0.936147, 0, 0.351608, 0, 1, 0, -0.351608, 0, 0.936147, 1.27124, 0, 1.29941 )

[node name="grass25" parent="." instance=ExtResource( 4 )]

transform/local = Transform( 0.544231, 0, 0.838935, 0, 1, 0, -0.838935, 0, 0.544231, 1.27124, 0, 0.992681 )

[node name="grass26" parent="." instance=ExtResource( 4 )]

transform/local = Transform( -0.460641, 0, 0.887587, 0, 1, 0, -0.887587, 0, -0.460641, 1.27124, 0, 0.679876 )

[node name="grass27" parent="." instance=ExtResource( 4 )]

transform/local = Transform( -0.780573, 0, 0.625065, 0, 1, 0, -0.625065, 0, -0.780573, 1.27124, 0, 0.31944 )

[node name="grass28" parent="." instance=ExtResource( 4 )]

transform/local = Transform( -0.600929, 0, -0.799302, 0, 1, 0, 0.799302, 0, -0.600929, 0.842789, 0, 0.31944 )

[node name="grass29" parent="." instance=ExtResource( 4 )]

transform/local = Transform( -0.156373, 0, -0.987698, 0, 1, 0, 0.987698, 0, -0.156373, 0.536499, 0, 0.31944 )

[node name="grass30" parent="." instance=ExtResource( 4 )]

transform/local = Transform( 0.681606, 0, -0.73172, 0, 1, 0, 0.73172, 0, 0.681606, 0.536499, 0, -0.26609 )

[node name="grass31" parent="." instance=ExtResource( 4 )]

transform/local = Transform( 0.983081, 0, -0.183173, 0, 1, 0, 0.183173, 0, 0.983081, 0.536499, 0, -0.761081 )

[node name="grass32" parent="." instance=ExtResource( 4 )]

transform/local = Transform( 0.953827, 0, 0.300357, 0, 1, 0, -0.300357, 0, 0.953827, 0.0710149, 0, -0.879038 )

[node name="grass33" parent="." instance=ExtResource( 4 )]

transform/local = Transform( 0.917509, 0, -0.397716, 0, 1, 0, 0.397716, 0, 0.917509, 0.0710149, 0, -0.532714 )

[node name="grass34" parent="." instance=ExtResource( 4 )]

transform/local = Transform( 0.991374, 0, 0.131061, 0, 1, 0, -0.131061, 0, 0.991374, -0.364895, 0, -0.532714 )

[node name="grass35" parent="." instance=ExtResource( 4 )]

transform/local = Transform( 0.683093, 0, 0.730331, 0, 1, 0, -0.730331, 0, 0.683093, -0.364895, 0, -0.882674 )

[node name="grass36" parent="." instance=ExtResource( 4 )]

transform/local = Transform( 0.207355, 0, 0.978266, 0, 1, 0, -0.978266, 0, 0.207355, -0.748075, 0, -0.882674 )

[node name="grass37" parent="." instance=ExtResource( 4 )]

transform/local = Transform( -0.40166, 0, 0.915789, 0, 1, 0, -0.915789, 0, -0.40166, -0.748075, 0, -0.519921 )

[node name="grass38" parent="." instance=ExtResource( 4 )]

transform/local = Transform( -0.40166, 0, 0.915789, 0, 1, 0, -0.915789, 0, -0.40166, -1.2529, 0, -0.519921 )

[node name="grass39" parent="." instance=ExtResource( 4 )]

transform/local = Transform( -0.847828, 0, 0.530272, 0, 1, 0, -0.530272, 0, -0.847828, -1.2529, 0, -0.868911 )

[node name="grass40" parent="." instance=ExtResource( 4 )]

transform/local = Transform( -0.989098, 0, 0.14726, 0, 1, 0, -0.14726, 0, -0.989098, -0.973375, 0, -0.868911 )

[node name="grass41" parent="." instance=ExtResource( 4 )]

transform/local = Transform( -0.951652, 0, -0.307178, 0, 1, 0, 0.307178, 0, -0.951652, -0.973375, 0, -0.203176 )

[node name="grass42" parent="." instance=ExtResource( 4 )]

transform/local = Transform( -0.951652, 0, -0.307178, 0, 1, 0, 0.307178, 0, -0.951652, -1.27671, 0, -0.203176 )

[node name="grass43" parent="." instance=ExtResource( 4 )]

transform/local = Transform( -0.657527, 0, -0.753431, 0, 1, 0, 0.753431, 0, -0.657527, -1.27671, 0, 0.128633 )

[node name="grass44" parent="." instance=ExtResource( 4 )]

transform/local = Transform( -0.0588801, 0, -0.998265, 0, 1, 0, 0.998265, 0, -0.0588801, -1.27671, 0, 0.435541 )

[node name="grass45" parent="." instance=ExtResource( 4 )]

transform/local = Transform( -0.0588801, 0, -0.998265, 0, 1, 0, 0.998265, 0, -0.0588801, -1.27671, 0, 1.32018 )

[node name="grass46" parent="." instance=ExtResource( 4 )]

transform/local = Transform( 0.763891, 0, -0.645344, 0, 1, 0, 0.645344, 0, 0.763891, -1.27671, 0, 0.975848 )

[node name="grass47" parent="." instance=ExtResource( 4 )]

transform/local = Transform( 0.971406, 0, -0.237424, 0, 1, 0, 0.237424, 0, 0.971406, -1.27671, 0, 0.668855 )

[node name="grass48" parent="." instance=ExtResource( 4 )]

transform/local = Transform( 0.971406, 0, -0.237424, 0, 1, 0, 0.237424, 0, 0.971406, -1.0119, 0, 0.668855 )

[node name="grass49" parent="." instance=ExtResource( 4 )]

transform/local = Transform( 0.975811, 0, 0.218615, 0, 1, 0, -0.218615, 0, 0.975811, -1.0119, 0, 0.348631 )

[node name="grass50" parent="." instance=ExtResource( 4 )]

transform/local = Transform( 0.920687, 0, -0.390302, 0, 1, 0, 0.390302, 0, 0.920687, -0.672675, 0, 0.348631 )

[node name="grass51" parent="." instance=ExtResource( 4 )]

transform/local = Transform( 0.520957, 0, -0.853583, 0, 1, 0, 0.853583, 0, 0.520957, -0.672675, 0, 0.662033 )

[node name="grass52" parent="." instance=ExtResource( 4 )]

transform/local = Transform( 0.520957, 0, -0.853583, 0, 1, 0, 0.853583, 0, 0.520957, -0.672675, 0, 1.3057 )

[node name="grass53" parent="." instance=ExtResource( 4 )]

transform/local = Transform( 0.784393, 0, -0.620263, 0, 1, 0, 0.620263, 0, 0.784393, -0.856601, 0, 1.08223 )

[node name="grass54" parent="." instance=ExtResource( 4 )]

transform/local = Transform( 0.975736, 0, -0.218951, 0, 1, 0, 0.218951, 0, 0.975736, -0.445659, 0, 1.08223 )

[node name="grass55" parent="." instance=ExtResource( 4 )]

transform/local = Transform( 0.998616, 0, -0.0525873, 0, 1, 0, 0.0525873, 0, 0.998616, -0.445659, 0, 1.26548 )

[node name="grass56" parent="." instance=ExtResource( 4 )]

transform/local = Transform( 0.812121, 0, 0.583489, 0, 1, 0, -0.583489, 0, 0.812121, 0.85282, 0, 1.26548 )

[node name="grass57" parent="." instance=ExtResource( 4 )]

transform/local = Transform( 0.812121, 0, 0.583489, 0, 1, 0, -0.583489, 0, 0.812121, 0.458008, 0, 1.32624 )

[node name="grass58" parent="." instance=ExtResource( 4 )]

transform/local = Transform( 0.513888, 0, 0.857857, 0, 1, 0, -0.857857, 0, 0.513888, 0.120736, 0, 1.32624 )

[node name="grass59" parent="." instance=ExtResource( 4 )]

transform/local = Transform( 0.513888, 0, 0.857857, 0, 1, 0, -0.857857, 0, 0.513888, 0.120736, 0, 0.584117 )

[node name="grass60" parent="." instance=ExtResource( 4 )]

transform/local = Transform( 0.111476, 0, 0.993767, 0, 1, 0, -0.993767, 0, 0.111476, -0.247473, 0, 0.584117 )

[node name="grass61" parent="." instance=ExtResource( 4 )]

transform/local = Transform( 0.111476, 0, 0.993767, 0, 1, 0, -0.993767, 0, 0.111476, -0.117619, 0, 1.20975 )

[node name="grass62" parent="." instance=ExtResource( 4 )]

transform/local = Transform( -0.367983, 0, 0.929832, 0, 1, 0, -0.929832, 0, -0.367983, -0.117619, 0, 0.920778 )

[node name="grass63" parent="." instance=ExtResource( 4 )]

transform/local = Transform( -0.745487, 0, 0.66652, 0, 1, 0, -0.66652, 0, -0.745487, 0.8939, 0, 0.920778 )

[node name="grass64" parent="." instance=ExtResource( 4 )]

transform/local = Transform( -0.98281, 0, 0.184618, 0, 1, 0, -0.184618, 0, -0.98281, 0.8939, 0, 0.565363 )

[node name="grass65" parent="." instance=ExtResource( 4 )]

transform/local = Transform( -0.947232, 0, -0.320548, 0, 1, 0, 0.320548, 0, -0.947232, 0.542175, 0, 0.565363 )

[node name="grass66" parent="." instance=ExtResource( 4 )]

transform/local = Transform( -0.705406, 0, -0.708804, 0, 1, 0, 0.708804, 0, -0.705406, 0.542175, 0, 0.923776 )

[node name="grass67" parent="." instance=ExtResource( 4 )]

transform/local = Transform( 0.774878, 0, -0.63211, 0, 1, 0, 0.63211, 0, 0.774878, -0.967251, 0, 1.27343 )

[node name="grass68" parent="." instance=ExtResource( 4 )]

transform/local = Transform( 0.998942, 0, 0.0459957, 0, 1, 0, -0.0459957, 0, 0.998942, 0.172334, 0, 0.930654 )

[node name="grass69" parent="." instance=ExtResource( 4 )]

transform/local = Transform( 0.580653, 0, 0.814151, 0, 1, 0, -0.814151, 0, 0.580653, 0.30512, 0, -0.325885 )

[node name="grass70" parent="." instance=ExtResource( 4 )]

transform/local = Transform( 0.580653, 0, 0.814151, 0, 1, 0, -0.814151, 0, 0.580653, 0.702667, 0, 0.0191693 )


[editable path="grass"]
