[gd_scene load_steps=6 format=2]

[ext_resource path="res://assets/maujoe.simple_wind_shader/demo/scripts/camera_control.gd" type="Script" id=1]
[ext_resource path="res://assets/maujoe.simple_wind_shader/demo/models/ground.tscn" type="PackedScene" id=2]
[ext_resource path="res://assets/maujoe.simple_wind_shader/demo/models/grass.tscn" type="PackedScene" id=3]

[sub_resource type="ProceduralSky" id=1]

radiance_size = 4
sky_top_color = Color( 0.0470588, 0.454902, 0.976471, 1 )
sky_horizon_color = Color( 0.556863, 0.823529, 0.909804, 1 )
sky_curve = 0.25
sky_energy = 1.0
ground_bottom_color = Color( 0.101961, 0.145098, 0.188235, 1 )
ground_horizon_color = Color( 0.482353, 0.788235, 0.952941, 1 )
ground_curve = 0.01
ground_energy = 1.0
sun_color = Color( 1, 1, 1, 1 )
sun_latitude = 35.0
sun_longitude = 0.0
sun_angle_min = 1.0
sun_angle_max = 100.0
sun_curve = 0.05
sun_energy = 16.0
texture_size = 2

[sub_resource type="Environment" id=2]

background_mode = 2
background_sky = SubResource( 1 )
background_sky_custom_fov = 0.0
background_color = Color( 0, 0, 0, 1 )
background_energy = 1.0
background_canvas_max_layer = 0
ambient_light_color = Color( 0, 0, 0, 1 )
ambient_light_energy = 1.0
ambient_light_sky_contribution = 1.0
fog_enabled = false
fog_color = Color( 0.5, 0.6, 0.7, 1 )
fog_sun_color = Color( 1, 0.9, 0.7, 1 )
fog_sun_amount = 0.0
fog_depth_enabled = true
fog_depth_begin = 10.0
fog_depth_curve = 1.0
fog_transmit_enabled = false
fog_transmit_curve = 1.0
fog_height_enabled = false
fog_height_min = 0.0
fog_height_max = 100.0
fog_height_curve = 1.0
tonemap_mode = 0
tonemap_exposure = 1.0
tonemap_white = 1.0
auto_exposure_enabled = false
auto_exposure_scale = 0.4
auto_exposure_min_luma = 0.05
auto_exposure_max_luma = 8.0
auto_exposure_speed = 0.5
ss_reflections_enabled = false
ss_reflections_max_steps = 64
ss_reflections_fade_in = 0.15
ss_reflections_fade_out = 2.0
ss_reflections_depth_tolerance = 0.2
ss_reflections_roughness = true
ssao_enabled = false
ssao_radius = 1.0
ssao_intensity = 1.0
ssao_radius2 = 0.0
ssao_intensity2 = 1.0
ssao_bias = 0.01
ssao_light_affect = 0.0
ssao_color = Color( 0, 0, 0, 1 )
ssao_quality = 0
ssao_blur = 3
ssao_edge_sharpness = 4.0
dof_blur_far_enabled = false
dof_blur_far_distance = 10.0
dof_blur_far_transition = 5.0
dof_blur_far_amount = 0.04
dof_blur_far_quality = 2
dof_blur_near_enabled = false
dof_blur_near_distance = 2.0
dof_blur_near_transition = 1.0
dof_blur_near_amount = 0.1
dof_blur_near_quality = 1
glow_enabled = false
glow_levels/1 = false
glow_levels/2 = false
glow_levels/3 = true
glow_levels/4 = false
glow_levels/5 = true
glow_levels/6 = false
glow_levels/7 = false
glow_intensity = 0.8
glow_strength = 1.0
glow_bloom = 0.0
glow_blend_mode = 2
glow_hdr_threshold = 1.0
glow_hdr_scale = 2.0
glow_bicubic_upscale = false
adjustment_enabled = false
adjustment_brightness = 1.0
adjustment_contrast = 1.0
adjustment_saturation = 1.0

[node name="Node" type="Node" index="0"]

[node name="Camera" type="Camera" parent="." index="0"]

transform = Transform( 0.801174, 0.155557, -0.57786, 0, 0.965624, 0.259942, 0.598431, -0.208258, 0.773633, -2.2314, 2.20907, 2.71591 )
keep_aspect = 1
cull_mask = 1048575
environment = null
h_offset = 0.0
v_offset = 0.0
doppler_tracking = 0
projection = 0
current = false
fov = 65.0
size = 1.0
near = 0.1
far = 100.0
script = ExtResource( 1 )
enabled = true
mouse_mode = 2
mouselook = true
sensitivity = 0.5
smoothness = 0.8
privot = null
distance = 5.0
rotate_privot = false
collisions = false
yaw_limit = 360
pitch_limit = 360
movement = true
speed = 1.0
forward_action = "ui_up"
backward_action = "ui_down"
left_action = "ui_left"
right_action = "ui_right"
use_gui = true
gui_action = "ui_cancel"

[node name="Ground" parent="." index="1" instance=ExtResource( 2 )]

[node name="Grass" parent="." index="2" instance=ExtResource( 3 )]

transform = Transform( 1, 0, 0, 0, 1, 0, 0, 0, 1, -0.12367, 0.875, -0.0240485 )

[node name="grass" parent="Grass" index="0"]

_sections_unfolded = [ "Geometry", "Transform", "material" ]

[node name="Grass15" parent="." index="3" instance=ExtResource( 3 )]

transform = Transform( 1, 0, 0, 0, 1, 0, 0, 0, 1, -0.12367, 0.875, -0.835992 )

[node name="Grass88" parent="." index="4" instance=ExtResource( 3 )]

transform = Transform( 0.989712, 0, -0.143074, 0, 1, 0, 0.143074, 0, 0.989712, -0.12952, 0.875, -1.22231 )

[node name="Grass33" parent="." index="5" instance=ExtResource( 3 )]

transform = Transform( 1, 0, 0, 0, 1, 0, 0, 0, 1, -0.12367, 0.875, 0.668754 )

[node name="Grass44" parent="." index="6" instance=ExtResource( 3 )]

transform = Transform( -0.0227474, 0, -0.999741, 0, 1, 0, 0.999741, 0, -0.0227474, 1.28645, 0.847243, 0.628147 )

[node name="Grass57" parent="." index="7" instance=ExtResource( 3 )]

transform = Transform( -0.0227474, 0, -0.999741, 0, 1, 0, 0.999741, 0, -0.0227474, 1.28645, 0.847243, -0.717221 )

[node name="Grass70" parent="." index="8" instance=ExtResource( 3 )]

transform = Transform( -0.0227474, 0, -0.999741, 0, 1, 0, 0.999741, 0, -0.0227474, -0.633197, 0.847243, -0.717221 )

[node name="Grass74" parent="." index="9" instance=ExtResource( 3 )]

transform = Transform( -0.0227474, 0, -0.999741, 0, 1, 0, 0.999741, 0, -0.0227474, -0.633197, 0.847243, 0.592967 )

[node name="Grass2" parent="." index="10" instance=ExtResource( 3 )]

transform = Transform( 0.749072, 0, -0.662488, 0, 1, 0, 0.662488, 0, 0.749072, 0.164123, 0.875, -0.0240485 )

[node name="Grass23" parent="." index="11" instance=ExtResource( 3 )]

transform = Transform( 0.749072, 0, -0.662488, 0, 1, 0, 0.662488, 0, 0.749072, 0.164123, 0.875, -0.835992 )

[node name="Grass86" parent="." index="12" instance=ExtResource( 3 )]

transform = Transform( 0.646581, 0, -0.762845, 0, 1, 0, 0.762845, 0, 0.646581, 0.155312, 0.875, -1.18114 )

[node name="Grass25" parent="." index="13" instance=ExtResource( 3 )]

transform = Transform( 0.749072, 0, -0.662488, 0, 1, 0, 0.662488, 0, 0.749072, 0.164123, 0.875, 0.668754 )

[node name="Grass48" parent="." index="14" instance=ExtResource( 3 )]

transform = Transform( -0.679356, 0, -0.733809, 0, 1, 0, 0.733809, 0, -0.679356, 1.27991, 0.847243, 0.915866 )

[node name="Grass60" parent="." index="15" instance=ExtResource( 3 )]

transform = Transform( -0.679356, 0, -0.733809, 0, 1, 0, 0.733809, 0, -0.679356, 1.27991, 0.847243, -0.429503 )

[node name="Grass72" parent="." index="16" instance=ExtResource( 3 )]

transform = Transform( -0.679356, 0, -0.733809, 0, 1, 0, 0.733809, 0, -0.679356, -0.639743, 0.847243, -0.429503 )

[node name="Grass76" parent="." index="17" instance=ExtResource( 3 )]

transform = Transform( -0.679356, 0, -0.733809, 0, 1, 0, 0.733809, 0, -0.679356, -0.639743, 0.847243, 0.880685 )

[node name="Grass3" parent="." index="18" instance=ExtResource( 3 )]

transform = Transform( 0.749072, 0, -0.662488, 0, 1, 0, 0.662488, 0, 0.749072, 0.164123, 0.875, 0.341884 )

[node name="Grass22" parent="." index="19" instance=ExtResource( 3 )]

transform = Transform( 0.749072, 0, -0.662488, 0, 1, 0, 0.662488, 0, 0.749072, 0.164123, 0.875, -0.470059 )

[node name="Grass30" parent="." index="20" instance=ExtResource( 3 )]

transform = Transform( 0.749072, 0, -0.662488, 0, 1, 0, 0.662488, 0, 0.749072, 0.164123, 0.875, 1.03469 )

[node name="Grass41" parent="." index="21" instance=ExtResource( 3 )]

transform = Transform( -0.679356, 0, -0.733809, 0, 1, 0, 0.733809, 0, -0.679356, 0.914069, 0.847243, 0.907542 )

[node name="Grass53" parent="." index="22" instance=ExtResource( 3 )]

transform = Transform( -0.679356, 0, -0.733809, 0, 1, 0, 0.733809, 0, -0.679356, 0.914069, 0.847243, -0.437827 )

[node name="Grass66" parent="." index="23" instance=ExtResource( 3 )]

transform = Transform( -0.679356, 0, -0.733809, 0, 1, 0, 0.733809, 0, -0.679356, -1.00558, 0.847243, -0.437827 )

[node name="Grass81" parent="." index="24" instance=ExtResource( 3 )]

transform = Transform( -0.679356, 0, -0.733809, 0, 1, 0, 0.733809, 0, -0.679356, -1.00558, 0.847243, 0.872361 )

[node name="Grass4" parent="." index="25" instance=ExtResource( 3 )]

transform = Transform( 0.999993, 0, -0.00363281, 0, 1, 0, 0.00363281, 0, 0.999993, -0.251788, 0.875, 0.341884 )

[node name="Grass16" parent="." index="26" instance=ExtResource( 3 )]

transform = Transform( 0.999993, 0, -0.00363281, 0, 1, 0, 0.00363281, 0, 0.999993, -0.251788, 0.875, -0.470059 )

[node name="Grass36" parent="." index="27" instance=ExtResource( 3 )]

transform = Transform( 0.999993, 0, -0.00363281, 0, 1, 0, 0.00363281, 0, 0.999993, -0.251788, 0.875, 1.03469 )

[node name="Grass47" parent="." index="28" instance=ExtResource( 3 )]

transform = Transform( -0.0263791, 0, -0.999652, 0, 1, 0, 0.999652, 0, -0.0263791, 0.92353, 0.847243, 0.491738 )

[node name="Grass59" parent="." index="29" instance=ExtResource( 3 )]

transform = Transform( -0.0263791, 0, -0.999652, 0, 1, 0, 0.999652, 0, -0.0263791, 0.92353, 0.847243, -0.853631 )

[node name="Grass71" parent="." index="30" instance=ExtResource( 3 )]

transform = Transform( -0.0263791, 0, -0.999652, 0, 1, 0, 0.999652, 0, -0.0263791, -0.99612, 0.847243, -0.853631 )

[node name="Grass75" parent="." index="31" instance=ExtResource( 3 )]

transform = Transform( -0.0263791, 0, -0.999652, 0, 1, 0, 0.999652, 0, -0.0263791, -0.99612, 0.847243, 0.456558 )

[node name="Grass5" parent="." index="32" instance=ExtResource( 3 )]

transform = Transform( -0.45864, 0, -0.888622, 0, 1, 0, 0.888622, 0, -0.45864, -0.680027, 0.875, 0.112206 )

[node name="Grass24" parent="." index="33" instance=ExtResource( 3 )]

transform = Transform( -0.45864, 0, -0.888622, 0, 1, 0, 0.888622, 0, -0.45864, -0.680027, 0.875, -0.699737 )

[node name="Grass26" parent="." index="34" instance=ExtResource( 3 )]

transform = Transform( -0.45864, 0, -0.888622, 0, 1, 0, 0.888622, 0, -0.45864, -0.680027, 0.875, 0.805009 )

[node name="Grass37" parent="." index="35" instance=ExtResource( 3 )]

transform = Transform( -0.877959, 0, 0.478735, 0, 1, 0, -0.478735, 0, -0.877959, 1.16289, 0.847243, 0.0688347 )

[node name="Grass51" parent="." index="36" instance=ExtResource( 3 )]

transform = Transform( -0.877959, 0, 0.478735, 0, 1, 0, -0.478735, 0, -0.877959, 1.16289, 0.847243, -1.27653 )

[node name="Grass64" parent="." index="37" instance=ExtResource( 3 )]

transform = Transform( -0.877959, 0, 0.478735, 0, 1, 0, -0.478735, 0, -0.877959, -0.75676, 0.847243, -1.27653 )

[node name="Grass79" parent="." index="38" instance=ExtResource( 3 )]

transform = Transform( -0.877959, 0, 0.478735, 0, 1, 0, -0.478735, 0, -0.877959, -0.75676, 0.847243, 0.0336542 )

[node name="Grass6" parent="." index="39" instance=ExtResource( 3 )]

transform = Transform( 0.833195, 0, -0.552979, 0, 1, 0, 0.552979, 0, 0.833195, -0.602322, 0.875, 0.452692 )

[node name="Grass20" parent="." index="40" instance=ExtResource( 3 )]

transform = Transform( 0.833195, 0, -0.552979, 0, 1, 0, 0.552979, 0, 0.833195, -0.602322, 0.875, -0.359251 )

[node name="Grass29" parent="." index="41" instance=ExtResource( 3 )]

transform = Transform( 0.833195, 0, -0.552979, 0, 1, 0, 0.552979, 0, 0.833195, -0.602322, 0.875, 1.14549 )

[node name="Grass40" parent="." index="42" instance=ExtResource( 3 )]

transform = Transform( -0.571789, 0, -0.820401, 0, 1, 0, 0.820401, 0, -0.571789, 0.820724, 0.847243, 0.138775 )

[node name="Grass52" parent="." index="43" instance=ExtResource( 3 )]

transform = Transform( -0.571789, 0, -0.820401, 0, 1, 0, 0.820401, 0, -0.571789, 0.820724, 0.847243, -1.20659 )

[node name="Grass65" parent="." index="44" instance=ExtResource( 3 )]

transform = Transform( -0.571789, 0, -0.820401, 0, 1, 0, 0.820401, 0, -0.571789, -1.09893, 0.847243, -1.20659 )

[node name="Grass80" parent="." index="45" instance=ExtResource( 3 )]

transform = Transform( -0.571789, 0, -0.820401, 0, 1, 0, 0.820401, 0, -0.571789, -1.09893, 0.847243, 0.103595 )

[node name="Grass7" parent="." index="46" instance=ExtResource( 3 )]

transform = Transform( 0.890786, 0, 0.454423, 0, 1, 0, -0.454423, 0, 0.890786, 0.536528, 0.875, 0.0951686 )

[node name="Grass21" parent="." index="47" instance=ExtResource( 3 )]

transform = Transform( 0.890786, 0, 0.454423, 0, 1, 0, -0.454423, 0, 0.890786, 0.536528, 0.875, -0.716775 )

[node name="Grass31" parent="." index="48" instance=ExtResource( 3 )]

transform = Transform( 0.890786, 0, 0.454423, 0, 1, 0, -0.454423, 0, 0.890786, 0.536528, 0.875, 0.787971 )

[node name="Grass42" parent="." index="49" instance=ExtResource( 3 )]

transform = Transform( 0.434043, 0, -0.900892, 0, 1, 0, 0.900892, 0, 0.434043, 1.15225, 0.847243, 1.28546 )

[node name="Grass54" parent="." index="50" instance=ExtResource( 3 )]

transform = Transform( 0.434043, 0, -0.900892, 0, 1, 0, 0.900892, 0, 0.434043, 1.15225, 0.847243, -0.0599058 )

[node name="Grass67" parent="." index="51" instance=ExtResource( 3 )]

transform = Transform( 0.434043, 0, -0.900892, 0, 1, 0, 0.900892, 0, 0.434043, -0.767401, 0.847243, -0.0599058 )

[node name="Grass82" parent="." index="52" instance=ExtResource( 3 )]

transform = Transform( 0.434043, 0, -0.900892, 0, 1, 0, 0.900892, 0, 0.434043, -0.767401, 0.847243, 1.25028 )

[node name="Grass8" parent="." index="53" instance=ExtResource( 3 )]

transform = Transform( -0.0191467, 0, 0.999817, 0, 1, 0, -0.999817, 0, -0.0191467, 0.536528, 0.875, 0.392851 )

[node name="Grass19" parent="." index="54" instance=ExtResource( 3 )]

transform = Transform( -0.0191467, 0, 0.999817, 0, 1, 0, -0.999817, 0, -0.0191467, 0.536528, 0.875, -0.419092 )

[node name="Grass28" parent="." index="55" instance=ExtResource( 3 )]

transform = Transform( -0.0191467, 0, 0.999817, 0, 1, 0, -0.999817, 0, -0.0191467, 0.536528, 0.875, 1.08565 )

[node name="Grass39" parent="." index="56" instance=ExtResource( 3 )]

transform = Transform( 0.999994, 0, -0.00360146, 0, 1, 0, 0.00360146, 0, 0.999994, 0.854644, 0.847243, 1.27869 )

[node name="grass" parent="Grass39" index="0"]

transform = Transform( 1, 0, 0, 0, 1, 0, 0, 0, 1, 0, 0, 2.07219e-08 )

[node name="Grass50" parent="." index="57" instance=ExtResource( 3 )]

transform = Transform( 0.999994, 0, -0.00360146, 0, 1, 0, 0.00360146, 0, 0.999994, 0.854644, 0.847243, -0.0666772 )

[node name="Grass63" parent="." index="58" instance=ExtResource( 3 )]

transform = Transform( 0.999994, 0, -0.00360146, 0, 1, 0, 0.00360146, 0, 0.999994, -1.06501, 0.847243, -0.0666772 )

[node name="Grass78" parent="." index="59" instance=ExtResource( 3 )]

transform = Transform( 0.999994, 0, -0.00360146, 0, 1, 0, 0.00360146, 0, 0.999994, -1.06501, 0.847243, 1.24351 )

[node name="Grass85" parent="." index="60" instance=ExtResource( 3 )]

transform = Transform( 0.857728, 0, 0.514104, 0, 1, 0, -0.514104, 0, 0.857728, -1.24814, 0.847243, 1.33444 )

[node name="Grass9" parent="." index="61" instance=ExtResource( 3 )]

transform = Transform( 0.987512, 0, 0.157542, 0, 1, 0, -0.157542, 0, 0.987512, 0.300199, 0.875, 0.593725 )

[node name="Grass17" parent="." index="62" instance=ExtResource( 3 )]

transform = Transform( 0.987512, 0, 0.157542, 0, 1, 0, -0.157542, 0, 0.987512, 0.300199, 0.875, -0.218218 )

[node name="Grass35" parent="." index="63" instance=ExtResource( 3 )]

transform = Transform( 0.987512, 0, 0.157542, 0, 1, 0, -0.157542, 0, 0.987512, 0.300199, 0.875, 1.28653 )

[node name="Grass46" parent="." index="64" instance=ExtResource( 3 )]

transform = Transform( 0.135037, 0, -0.990841, 0, 1, 0, 0.990841, 0, 0.135037, 0.659198, 0.847243, 1.03785 )

[node name="Grass58" parent="." index="65" instance=ExtResource( 3 )]

transform = Transform( 0.135037, 0, -0.990841, 0, 1, 0, 0.990841, 0, 0.135037, 0.659198, 0.847243, -0.307514 )

[node name="Grass62" parent="." index="66" instance=ExtResource( 3 )]

transform = Transform( 0.135037, 0, -0.990841, 0, 1, 0, 0.990841, 0, 0.135037, -1.26045, 0.847243, -0.307514 )

[node name="Grass77" parent="." index="67" instance=ExtResource( 3 )]

transform = Transform( 0.135037, 0, -0.990841, 0, 1, 0, 0.990841, 0, 0.135037, -1.26045, 0.847243, 1.00267 )

[node name="Grass10" parent="." index="68" instance=ExtResource( 3 )]

transform = Transform( 0.848084, 0, -0.529862, 0, 1, 0, 0.529862, 0, 0.848084, -0.418099, 0.875, 0.0515285 )

[node name="Grass18" parent="." index="69" instance=ExtResource( 3 )]

transform = Transform( 0.848084, 0, -0.529862, 0, 1, 0, 0.529862, 0, 0.848084, -0.418099, 0.875, -0.760415 )

[node name="Grass87" parent="." index="70" instance=ExtResource( 3 )]

transform = Transform( 0.763549, 0, -0.64575, 0, 1, 0, 0.64575, 0, 0.763549, -0.431732, 0.875, -1.18964 )

[node name="Grass27" parent="." index="71" instance=ExtResource( 3 )]

transform = Transform( 0.848084, 0, -0.529862, 0, 1, 0, 0.529862, 0, 0.848084, -0.418099, 0.875, 0.744331 )

[node name="Grass38" parent="." index="72" instance=ExtResource( 3 )]

transform = Transform( -0.549017, 0, -0.835812, 0, 1, 0, 0.835812, 0, -0.549017, 1.21759, 0.847243, 0.332076 )

[node name="Grass49" parent="." index="73" instance=ExtResource( 3 )]

transform = Transform( -0.549017, 0, -0.835812, 0, 1, 0, 0.835812, 0, -0.549017, 1.21759, 0.847243, -1.01329 )

[node name="Grass61" parent="." index="74" instance=ExtResource( 3 )]

transform = Transform( -0.549017, 0, -0.835812, 0, 1, 0, 0.835812, 0, -0.549017, -0.702057, 0.847243, -1.01329 )

[node name="Grass73" parent="." index="75" instance=ExtResource( 3 )]

transform = Transform( -0.549017, 0, -0.835812, 0, 1, 0, 0.835812, 0, -0.549017, -0.702057, 0.847243, 0.296895 )

[node name="Grass11" parent="." index="76" instance=ExtResource( 3 )]

transform = Transform( 0.0169177, 0, -0.999857, 0, 1, 0, 0.999857, 0, 0.0169177, -0.418099, 0.875, 0.636099 )

[node name="Grass14" parent="." index="77" instance=ExtResource( 3 )]

transform = Transform( 0.0169177, 0, -0.999857, 0, 1, 0, 0.999857, 0, 0.0169177, -0.418099, 0.875, -0.175844 )

[node name="Grass34" parent="." index="78" instance=ExtResource( 3 )]

transform = Transform( 0.0169177, 0, -0.999857, 0, 1, 0, 0.999857, 0, 0.0169177, -0.418099, 0.875, 1.3289 )

[node name="Grass45" parent="." index="79" instance=ExtResource( 3 )]

transform = Transform( -0.999983, 0, 0.00583077, 0, 1, 0, -0.00583077, 0, -0.999983, 0.633174, 0.847243, 0.318778 )

[node name="Grass55" parent="." index="80" instance=ExtResource( 3 )]

transform = Transform( -0.999983, 0, 0.00583077, 0, 1, 0, -0.00583077, 0, -0.999983, 0.633174, 0.847243, -1.02659 )

[node name="Grass89" parent="." index="81" instance=ExtResource( 3 )]

transform = Transform( -0.988861, 0, 0.148842, 0, 1, 0, -0.148842, 0, -0.988861, 0.646808, 0.847243, -1.28064 )

[node name="Grass90" parent="." index="82" instance=ExtResource( 3 )]

transform = Transform( -0.852575, 0, -0.522606, 0, 1, 0, 0.522606, 0, -0.852575, 0.319572, 0.847243, -1.33997 )

[node name="Grass91" parent="." index="83" instance=ExtResource( 3 )]

transform = Transform( -0.687675, 0, -0.726019, 0, 1, 0, 0.726019, 0, -0.687675, -1.29768, 0.847243, -1.31829 )

[node name="Grass68" parent="." index="84" instance=ExtResource( 3 )]

transform = Transform( -0.999983, 0, 0.00583077, 0, 1, 0, -0.00583077, 0, -0.999983, -1.28648, 0.847243, -1.02659 )

[node name="Grass84" parent="." index="85" instance=ExtResource( 3 )]

transform = Transform( -0.999983, 0, 0.00583077, 0, 1, 0, -0.00583077, 0, -0.999983, -1.28648, 0.847243, 0.283598 )

[node name="Grass12" parent="." index="86" instance=ExtResource( 3 )]

transform = Transform( 0.585717, 0, -0.810516, 0, 1, 0, 0.810516, 0, 0.585717, -0.0556628, 0.875, 0.636099 )

[node name="Grass13" parent="." index="87" instance=ExtResource( 3 )]

transform = Transform( 0.585717, 0, -0.810516, 0, 1, 0, 0.810516, 0, 0.585717, -0.0556628, 0.875, -0.175844 )

[node name="Grass32" parent="." index="88" instance=ExtResource( 3 )]

transform = Transform( 0.585717, 0, -0.810516, 0, 1, 0, 0.810516, 0, 0.585717, -0.0556628, 0.875, 1.3289 )

[node name="Grass43" parent="." index="89" instance=ExtResource( 3 )]

transform = Transform( -0.82363, 0, -0.567128, 0, 1, 0, 0.567128, 0, -0.82363, 0.62493, 0.847243, 0.68112 )

[node name="Grass56" parent="." index="90" instance=ExtResource( 3 )]

transform = Transform( -0.82363, 0, -0.567128, 0, 1, 0, 0.567128, 0, -0.82363, 0.62493, 0.847243, -0.664248 )

[node name="Grass69" parent="." index="91" instance=ExtResource( 3 )]

transform = Transform( -0.82363, 0, -0.567128, 0, 1, 0, 0.567128, 0, -0.82363, -1.29472, 0.847243, -0.664248 )

[node name="Grass83" parent="." index="92" instance=ExtResource( 3 )]

transform = Transform( -0.82363, 0, -0.567128, 0, 1, 0, 0.567128, 0, -0.82363, -1.29472, 0.847243, 0.64594 )

[node name="WorldEnvironment" type="WorldEnvironment" parent="." index="93"]

environment = SubResource( 2 )

[node name="DirectionalLight" type="DirectionalLight" parent="." index="94"]

transform = Transform( 1, 0, 0, 0, 0.957806, 0.287416, 0, -0.287416, 0.957806, 0.404712, 2.98131, 7.52191 )
layers = 1
light_color = Color( 1, 1, 1, 1 )
light_energy = 1.0
light_indirect_energy = 1.0
light_negative = false
light_specular = 0.5
light_bake_mode = 1
light_cull_mask = -1
shadow_enabled = false
shadow_color = Color( 0, 0, 0, 1 )
shadow_bias = 0.1
shadow_contact = 0.0
shadow_reverse_cull_face = false
editor_only = false
directional_shadow_mode = 2
directional_shadow_split_1 = 0.1
directional_shadow_split_2 = 0.2
directional_shadow_split_3 = 0.5
directional_shadow_blend_splits = false
directional_shadow_normal_bias = 0.8
directional_shadow_bias_split_scale = 0.25
directional_shadow_depth_range = 0
directional_shadow_max_distance = 200.0


[editable path="Grass"]
[editable path="Grass39"]
